1 115 1502 798 825 15.025999999999998
2 163 565 738 765 12.401
3 1194 54 969 990 9.052000000000001
4 1502 170 825 855 15.543000000000003
5 1053 170 735 748 9.548999999999998
6 163 170 918 960 15.537
7 160 1501 1068 1098 12.364
8 154 170 1008 1062 20.205
9 135 1323 1038 1052 6.686999999999999
10 118 237 768 787 9.107
11 118 237 663 682 7.592999999999999
12 163 170 708 750 15.537
13 163 170 558 600 15.537
14 1501 54 798 825 9.688000000000002
15 101 170 633 660 10.23
16 1502 170 1065 1095 15.543000000000003
17 160 1501 828 858 12.364
18 1338 54 543 585 15.699
19 145 165 1128 1153 9.732999999999999
20 118 237 783 802 7.592999999999999
21 247 170 923 945 9.804999999999998
22 145 165 1068 1093 9.732999999999999
23 113 54 933 975 17.266000000000002
24 1053 170 915 928 9.548999999999998
25 135 54 738 765 10.838000000000003
26 103 170 558 600 20.916000000000007
27 160 1324 648 662 4.6450000000000005
28 115 1502 738 765 15.025999999999998
29 115 247 903 923 10.104
30 135 1323 858 872 6.686999999999999
31 154 1194 528 549 11.212000000000002
32 1324 54 782 795 6.474
33 1338 54 543 585 15.699
34 294 54 705 735 12.548000000000002
35 113 54 948 1003 20.256
36 122 617 528 551 10.428
37 118 237 528 547 9.107
38 1194 54 849 870 9.052000000000001
39 247 170 923 945 9.804999999999998
40 1324 54 662 675 6.474
41 145 165 1008 1033 9.732999999999999
42 1338 54 663 705 15.699
43 237 54 907 930 14.136999999999997
44 163 294 1098 1125 13.54
45 160 54 993 1020 11.549000000000001
46 135 1323 678 692 6.686999999999999
47 163 294 858 885 13.54
48 1053 170 855 868 9.548999999999998
49 247 170 623 645 9.804999999999998
50 145 54 693 705 3.506
51 294 54 885 915 12.548000000000002
52 122 170 588 630 17.326999999999995
53 163 294 1038 1065 13.54
54 294 54 765 795 12.548000000000002
55 122 170 768 810 17.326999999999995
56 118 237 843 862 7.592999999999999
57 108 1320 903 915 10.362
58 294 54 1005 1035 12.548000000000002
59 1338 54 1083 1125 15.699
60 103 170 768 795 12.399999999999997
61 163 294 1098 1125 13.54
62 1502 170 945 975 15.543000000000003
63 165 54 613 645 13.687999999999999
64 160 1501 948 978 12.364
65 108 54 918 975 33.936
66 1502 170 585 615 15.543000000000003
67 163 294 858 885 13.54
68 1501 54 558 585 9.688000000000002
69 163 170 948 990 15.537
70 103 170 1128 1155 12.399999999999997
71 163 170 978 1020 15.537
72 122 170 528 570 17.326999999999995
73 1323 54 572 585 4.788999999999999
74 145 54 813 825 3.506
75 1501 54 1098 1125 9.688000000000002
76 101 170 693 720 10.23
77 1338 54 1053 1095 15.699
78 1501 54 858 885 9.688000000000002
79 1194 54 909 930 9.052000000000001
80 1324 54 722 735 6.474
81 115 1502 618 645 15.025999999999998
82 113 54 1128 1183 20.256
83 163 170 888 930 15.537
84 103 170 528 555 12.399999999999997
85 103 170 1068 1095 12.399999999999997
86 118 237 948 967 9.107
87 1053 170 675 688 9.548999999999998
88 135 170 798 855 23.674000000000003
89 294 54 525 555 12.548000000000002
90 103 170 1038 1080 20.916000000000007
91 113 54 633 675 17.266000000000002
92 135 54 978 1005 10.838000000000003
93 1338 54 813 855 15.699
94 122 617 1008 1031 10.428
95 118 237 963 982 7.592999999999999
96 108 54 858 915 33.936
97 103 170 978 1020 20.916000000000007
98 145 54 873 885 3.506
99 108 54 1038 1095 33.936
100 565 54 1065 1095 12.742999999999999
101 160 1501 828 858 12.364
102 1323 54 692 705 4.788999999999999
103 163 170 618 660 15.537
104 163 565 978 1005 12.401
105 108 1320 603 615 10.362
106 163 170 1008 1050 15.537
107 113 54 1008 1063 20.256
108 103 170 768 795 12.399999999999997
109 118 237 543 562 7.592999999999999
110 135 54 738 765 10.838000000000003
111 247 170 863 885 9.804999999999998
112 101 170 573 600 10.23
113 103 170 1038 1080 20.916000000000007
114 160 54 693 720 11.549000000000001
115 1502 170 1065 1095 15.543000000000003
116 135 1323 1038 1052 6.686999999999999
117 163 170 1098 1140 15.537
118 163 170 948 990 15.537
119 135 54 858 885 10.838000000000003
120 135 170 618 675 23.674000000000003
121 163 170 438 480 15.537
122 1502 170 705 735 15.543000000000003
123 247 170 983 1005 9.804999999999998
124 1338 54 368 405 15.699
125 565 54 705 735 12.742999999999999
126 118 237 1068 1087 9.107
127 118 237 648 667 9.107
128 160 1501 768 798 12.364
129 115 247 843 863 10.104
130 122 170 1128 1170 17.326999999999995
131 163 170 558 600 15.537
132 118 237 543 562 7.592999999999999
133 1338 54 783 825 15.699
134 135 1323 858 872 6.686999999999999
135 163 170 678 720 15.537
136 115 1502 678 705 15.025999999999998
137 113 54 1068 1123 20.256
138 145 54 993 1005 3.506
139 247 170 1043 1065 9.804999999999998
140 163 170 978 1020 15.537
141 108 1320 1083 1095 10.362
142 1323 54 512 525 4.788999999999999
143 108 54 498 555 33.936
144 163 170 1008 1050 15.537
145 122 617 768 791 10.428
146 1194 54 669 690 9.052000000000001
147 145 165 1128 1153 9.732999999999999
148 118 237 723 742 7.592999999999999
149 163 565 1098 1125 12.401
150 1501 54 978 1005 9.688000000000002
151 163 170 1098 1140 15.537
152 135 170 798 855 23.674000000000003
153 113 54 708 763 20.256
154 103 170 948 975 12.399999999999997
155 122 170 1068 1110 17.326999999999995
156 163 294 918 945 13.54
157 101 170 1113 1140 10.23
158 1338 54 693 735 15.699
159 1338 54 723 765 15.699
160 1323 54 992 1005 4.788999999999999
161 108 1320 1143 1155 10.362
162 1194 54 969 990 9.052000000000001
163 154 170 708 762 20.205
164 1338 54 903 945 15.699
165 113 54 468 523 20.256
166 135 54 618 645 10.838000000000003
167 115 1502 1038 1065 15.025999999999998
168 1501 54 1038 1065 9.688000000000002
169 135 1323 738 752 6.686999999999999
170 237 54 1102 1125 8.253
171 118 237 603 622 7.592999999999999
172 135 170 558 615 23.674000000000003
173 163 170 1068 1110 15.537
174 1324 54 542 555 6.474
175 1194 54 1149 1170 9.052000000000001
176 1053 170 1095 1108 9.548999999999998
177 163 565 738 765 12.401
178 135 1323 798 812 6.686999999999999
179 237 54 922 945 8.253
180 160 1324 528 542 4.6450000000000005
181 160 1324 888 902 4.6450000000000005
182 163 170 1128 1170 15.537
183 101 170 873 900 10.23
184 115 247 543 563 10.104
185 154 1194 1008 1029 11.212000000000002
186 115 1502 738 765 15.025999999999998
187 160 54 693 720 11.549000000000001
188 103 170 708 735 12.399999999999997
189 237 54 787 810 14.136999999999997
190 160 1501 768 798 12.364
191 135 170 558 615 23.674000000000003
192 108 54 738 795 33.936
193 160 54 813 840 11.549000000000001
194 160 1501 588 618 12.364
195 160 54 573 600 11.549000000000001
196 1501 54 1098 1125 9.688000000000002
197 118 237 1083 1102 7.592999999999999
198 163 294 798 825 13.54
199 1194 54 609 630 9.052000000000001
200 1194 54 669 690 9.052000000000001
201 1338 54 753 795 15.699
202 1338 54 753 795 15.699
203 1053 170 795 808 9.548999999999998
204 160 54 813 840 11.549000000000001
205 1501 54 1038 1065 9.688000000000002
206 247 170 1103 1125 9.804999999999998
207 154 1194 1128 1149 11.212000000000002
208 163 565 1038 1065 12.401
209 154 170 888 942 20.205
210 163 294 978 1005 13.54
211 103 170 918 960 20.916000000000007
212 135 54 798 825 10.838000000000003
213 1053 170 915 928 9.548999999999998
214 1338 54 873 915 15.699
215 115 247 603 623 10.104
216 160 54 753 780 11.549000000000001
217 108 54 798 855 33.936
218 113 54 393 435 17.266000000000002
219 108 54 738 795 33.936
220 108 1320 663 675 10.362
221 247 170 803 825 9.804999999999998
222 1194 54 729 750 9.052000000000001
223 101 170 993 1020 10.23
224 135 54 918 945 10.838000000000003
225 101 170 753 780 10.23
226 115 247 1143 1163 10.104
227 108 1320 723 735 10.362
228 294 54 645 675 12.548000000000002
229 1324 54 782 795 6.474
230 165 54 913 945 13.687999999999999
231 122 170 708 750 17.326999999999995
232 1053 170 1155 1168 9.548999999999998
233 160 54 993 1020 11.549000000000001
234 1323 54 1052 1065 4.788999999999999
235 145 54 633 645 3.506
236 103 170 498 540 20.916000000000007
237 101 170 1053 1080 10.23
238 154 1194 888 909 11.212000000000002
239 101 170 1053 1080 10.23
240 294 54 585 615 12.548000000000002
241 160 54 873 900 11.549000000000001
242 108 1320 1143 1155 10.362
243 115 247 963 983 10.104
244 1502 170 765 795 15.543000000000003
245 163 170 588 630 15.537
246 237 54 682 705 8.253
247 247 170 983 1005 9.804999999999998
248 160 1324 1068 1082 4.6450000000000005
249 294 54 645 675 12.548000000000002
250 103 170 1128 1155 12.399999999999997
251 103 170 858 900 20.916000000000007
252 160 1324 1008 1022 4.6450000000000005
253 1053 170 615 628 9.548999999999998
254 160 54 933 960 11.549000000000001
255 617 54 1091 1125 13.447000000000003
256 135 1323 978 992 6.686999999999999
257 118 237 648 667 9.107
258 237 54 847 870 14.136999999999997
259 108 54 978 1035 33.936
260 237 54 1147 1170 14.136999999999997
261 160 1501 1008 1038 12.364
262 237 54 727 750 14.136999999999997
263 160 54 633 660 11.549000000000001
264 237 54 1087 1110 14.136999999999997
265 1502 170 585 615 15.543000000000003
266 145 165 768 793 9.732999999999999
267 565 54 945 975 12.742999999999999
268 108 1320 543 555 10.362
269 135 170 918 975 23.674000000000003
270 165 54 1033 1065 13.687999999999999
271 101 170 993 1020 10.23
272 103 170 618 660 20.916000000000007
273 1194 54 1089 1110 9.052000000000001
274 1501 54 618 645 9.688000000000002
275 122 617 588 611 10.428
276 163 170 798 840 15.537
277 145 165 648 673 9.732999999999999
278 108 54 678 735 33.936
279 565 54 1125 1155 12.742999999999999
280 115 247 1023 1043 10.104
281 115 247 723 743 10.104
282 1338 54 513 555 15.699
283 237 54 1087 1110 14.136999999999997
284 113 54 888 943 20.256
285 247 170 1043 1065 9.804999999999998
286 135 170 858 915 23.674000000000003
287 154 1194 828 849 11.212000000000002
288 160 1501 948 978 12.364
289 237 54 982 1005 8.253
290 108 54 1038 1095 33.936
291 160 54 753 780 11.549000000000001
292 163 170 1068 1110 15.537
293 237 54 862 885 8.253
294 103 170 888 915 12.399999999999997
295 1323 54 992 1005 4.788999999999999
296 154 170 588 642 20.205
297 118 237 663 682 7.592999999999999
298 617 54 971 1005 13.447000000000003
299 103 170 618 660 20.916000000000007
300 1501 54 978 1005 9.688000000000002
301 113 54 693 735 17.266000000000002
302 135 54 498 525 10.838000000000003
303 163 170 1038 1080 15.537
304 1338 54 693 735 15.699
305 103 170 858 900 20.916000000000007
306 565 54 705 735 12.742999999999999
307 1501 54 738 765 9.688000000000002
308 163 294 978 1005 13.54
309 101 170 513 540 10.23
310 1338 54 573 615 15.699
311 115 247 543 563 10.104
312 160 1324 828 842 4.6450000000000005
313 237 54 787 810 14.136999999999997
314 237 54 727 750 14.136999999999997
315 163 170 798 840 15.537
316 237 54 802 825 8.253
317 115 1502 918 945 15.025999999999998
318 1324 54 962 975 6.474
319 154 1194 648 669 11.212000000000002
320 163 294 738 765 13.54
321 154 170 768 822 20.205
322 108 54 918 975 33.936
323 247 170 563 585 9.804999999999998
324 113 54 573 615 17.266000000000002
325 115 1502 1038 1065 15.025999999999998
326 163 294 798 825 13.54
327 108 1320 1083 1095 10.362
328 163 170 468 510 15.537
329 1501 54 558 585 9.688000000000002
330 103 170 558 600 20.916000000000007
331 1502 170 1125 1155 15.543000000000003
332 163 170 858 900 15.537
333 294 54 945 975 12.548000000000002
334 1053 170 735 748 9.548999999999998
335 1053 170 615 628 9.548999999999998
336 165 54 793 825 13.687999999999999
337 115 247 843 863 10.104
338 135 170 678 735 23.674000000000003
339 145 165 888 913 9.732999999999999
340 115 247 1143 1163 10.104
341 1323 54 1112 1125 4.788999999999999
342 118 237 828 847 9.107
343 565 54 945 975 12.742999999999999
344 617 54 611 645 13.447000000000003
345 160 54 573 600 11.549000000000001
346 113 54 753 795 17.266000000000002
347 145 54 573 585 3.506
348 101 170 633 660 10.23
349 103 170 588 615 12.399999999999997
350 160 54 1113 1140 11.549000000000001
351 1324 54 902 915 6.474
352 103 170 828 855 12.399999999999997
353 163 170 858 900 15.537
354 237 54 967 990 14.136999999999997
355 118 237 1023 1042 7.592999999999999
356 135 1323 558 572 6.686999999999999
357 163 294 918 945 13.54
358 160 1324 768 782 4.6450000000000005
359 1338 54 723 765 15.699
360 154 1194 588 609 11.212000000000002
361 163 565 1098 1125 12.401
362 135 170 678 735 23.674000000000003
363 1502 170 765 795 15.543000000000003
364 101 170 933 960 10.23
365 113 54 1053 1095 17.266000000000002
366 115 247 783 803 10.104
367 118 237 1008 1027 9.107
368 1194 54 729 750 9.052000000000001
369 163 565 858 885 12.401
370 1194 54 789 810 9.052000000000001
371 1338 54 903 945 15.699
372 237 54 562 585 8.253
373 294 54 765 795 12.548000000000002
374 115 1502 618 645 15.025999999999998
375 294 54 525 555 12.548000000000002
376 1194 54 1029 1050 9.052000000000001
377 103 170 798 840 20.916000000000007
378 1194 54 549 570 9.052000000000001
379 122 170 1008 1050 17.326999999999995
380 160 1324 1068 1082 4.6450000000000005
381 154 170 828 882 20.205
382 1338 54 603 645 15.699
383 135 1323 1098 1112 6.686999999999999
384 294 54 825 855 12.548000000000002
385 115 247 663 683 10.104
386 1338 54 1053 1095 15.699
387 108 1320 603 615 10.362
388 160 54 1053 1080 11.549000000000001
389 1323 54 812 825 4.788999999999999
390 145 54 933 945 3.506
391 103 170 978 1020 20.916000000000007
392 101 170 813 840 10.23
393 237 54 982 1005 8.253
394 113 54 1113 1155 17.266000000000002
395 154 505 1128 1159 10.565999999999997
396 145 165 528 553 9.732999999999999
397 237 54 862 885 8.253
398 1324 54 842 855 6.474
399 237 54 667 690 14.136999999999997
400 163 565 498 525 12.401
401 1501 54 678 705 9.688000000000002
402 135 54 918 945 10.838000000000003
403 237 54 547 570 14.136999999999997
404 108 54 858 915 33.936
405 247 170 863 885 9.804999999999998
406 108 1320 663 675 10.362
407 294 54 1065 1095 12.548000000000002
408 163 294 738 765 13.54
409 115 247 783 803 10.104
410 122 617 648 671 10.428
411 108 1320 963 975 10.362
412 1338 54 993 1035 15.699
413 163 565 918 945 12.401
414 1338 54 1113 1155 15.699
415 163 565 678 705 12.401
416 145 54 1053 1065 3.506
417 160 1324 1128 1142 4.6450000000000005
418 154 1194 648 669 11.212000000000002
419 163 170 708 750 15.537
420 1323 54 692 705 4.788999999999999
421 103 170 678 720 20.916000000000007
422 145 54 993 1005 3.506
423 1338 54 1023 1065 15.699
424 1502 170 945 975 15.543000000000003
425 103 170 918 960 20.916000000000007
426 145 54 873 885 3.506
427 165 54 613 645 13.687999999999999
428 113 54 993 1035 17.266000000000002
429 135 54 678 705 10.838000000000003
430 565 54 765 795 12.742999999999999
431 145 165 1068 1093 9.732999999999999
432 247 170 803 825 9.804999999999998
433 135 54 558 585 10.838000000000003
434 1338 54 813 855 15.699
435 115 1502 1098 1125 15.025999999999998
436 165 54 673 705 13.687999999999999
437 145 54 813 825 3.506
438 160 1501 1068 1098 12.364
439 113 54 828 883 20.256
440 113 54 528 583 20.256
441 565 54 645 675 12.742999999999999
442 237 54 1027 1050 14.136999999999997
443 160 1324 528 542 4.6450000000000005
444 1053 170 555 568 9.548999999999998
445 163 170 678 720 15.537
446 1502 170 705 735 15.543000000000003
447 115 247 963 983 10.104
448 135 1323 978 992 6.686999999999999
449 237 54 907 930 14.136999999999997
450 154 1194 948 969 11.212000000000002
451 160 1501 888 918 12.364
452 154 1194 708 729 11.212000000000002
453 118 237 963 982 7.592999999999999
454 1324 54 722 735 6.474
455 1338 54 1023 1065 15.699
456 237 54 1027 1050 14.136999999999997
457 1323 54 872 885 4.788999999999999
458 1502 170 1005 1035 15.543000000000003
459 1338 54 1113 1155 15.699
460 101 170 513 540 10.23
461 160 1324 948 962 4.6450000000000005
462 135 170 618 675 23.674000000000003
463 1194 54 1029 1050 9.052000000000001
464 163 170 828 870 15.537
465 113 54 513 555 17.266000000000002
466 154 170 948 1002 20.205
467 115 1502 918 945 15.025999999999998
468 135 54 978 1005 10.838000000000003
469 165 54 673 705 13.687999999999999
470 135 54 798 825 10.838000000000003
471 163 294 618 645 13.54
472 1053 170 555 568 9.548999999999998
473 1338 54 483 525 15.699
474 165 54 1093 1125 13.687999999999999
475 1194 54 1089 1110 9.052000000000001
476 103 170 828 855 12.399999999999997
477 247 170 743 765 9.804999999999998
478 135 54 618 645 10.838000000000003
479 237 54 607 630 14.136999999999997
480 108 54 1098 1155 33.936
481 108 1320 783 795 10.362
482 1053 170 1155 1168 9.548999999999998
483 160 1501 708 738 12.364
484 565 54 585 615 12.742999999999999
485 617 54 731 765 13.447000000000003
486 237 54 1147 1170 14.136999999999997
487 237 54 547 570 14.136999999999997
488 118 237 528 547 9.107
489 165 54 853 885 13.687999999999999
490 122 617 828 851 10.428
491 135 170 1098 1155 23.674000000000003
492 237 54 847 870 14.136999999999997
493 122 170 468 510 17.326999999999995
494 113 54 813 855 17.266000000000002
495 118 237 948 967 9.107
496 237 54 742 765 8.253
497 103 170 1008 1035 12.399999999999997
498 118 237 1068 1087 9.107
499 145 165 708 733 9.732999999999999
500 1338 54 993 1035 15.699
501 103 170 798 840 20.916000000000007
502 108 54 978 1035 33.936
503 1053 170 1035 1048 9.548999999999998
504 160 1324 828 842 4.6450000000000005
505 160 1501 648 678 12.364
506 1338 54 483 525 15.699
507 1501 54 738 765 9.688000000000002
508 115 1502 558 585 15.025999999999998
509 165 54 553 585 13.687999999999999
510 247 170 563 585 9.804999999999998
511 103 170 1098 1140 20.916000000000007
512 1053 170 795 808 9.548999999999998
513 103 170 738 780 20.916000000000007
514 135 54 858 885 10.838000000000003
515 247 170 1163 1185 9.804999999999998
516 118 237 588 607 9.107
517 1324 54 1022 1035 6.474
518 565 54 525 555 12.742999999999999
519 145 165 948 973 9.732999999999999
520 1053 170 1095 1108 9.548999999999998
521 160 54 633 660 11.549000000000001
522 1501 54 918 945 9.688000000000002
523 115 1502 978 1005 15.025999999999998
524 118 237 903 922 7.592999999999999
525 118 237 888 907 9.107
526 115 1502 1098 1125 15.025999999999998
527 1502 170 885 915 15.543000000000003
528 165 54 793 825 13.687999999999999
529 115 247 1023 1043 10.104
530 145 165 888 913 9.732999999999999
531 1323 54 812 825 4.788999999999999
532 1338 54 393 435 15.699
533 101 170 693 720 10.23
534 1324 54 602 615 6.474
535 154 1194 1068 1089 11.212000000000002
536 1053 170 975 988 9.548999999999998
537 145 54 1113 1125 3.506
538 1338 54 663 705 15.699
539 108 1320 843 855 10.362
540 163 565 558 585 12.401
541 165 54 973 1005 13.687999999999999
542 237 54 922 945 8.253
543 247 170 1103 1125 9.804999999999998
544 135 54 558 585 10.838000000000003
545 163 565 678 705 12.401
546 1194 54 909 930 9.052000000000001
547 1502 170 645 675 15.543000000000003
548 565 54 1065 1095 12.742999999999999
549 160 1324 708 722 4.6450000000000005
550 163 170 888 930 15.537
551 1323 54 512 525 4.788999999999999
552 154 170 1068 1122 20.205
553 154 170 528 582 20.205
554 154 1194 828 849 11.212000000000002
555 165 54 1033 1065 13.687999999999999
556 101 170 753 780 10.23
557 1501 54 798 825 9.688000000000002
558 163 565 918 945 12.401
559 145 165 768 793 9.732999999999999
560 160 1501 1128 1158 12.364
561 565 54 585 615 12.742999999999999
562 145 54 1113 1125 3.506
563 115 1502 798 825 15.025999999999998
564 160 1501 648 678 12.364
565 1501 54 618 645 9.688000000000002
566 122 617 1068 1091 10.428
567 163 294 678 705 13.54
568 118 237 708 727 9.107
569 154 1194 1008 1029 11.212000000000002
570 135 170 738 795 23.674000000000003
571 237 54 562 585 8.253
572 1324 54 1082 1095 6.474
573 617 54 791 825 13.447000000000003
574 135 1323 918 932 6.686999999999999
575 145 54 633 645 3.506
576 1323 54 752 765 4.788999999999999
577 163 170 738 780 15.537
578 160 1501 588 618 12.364
579 163 565 618 645 12.401
580 1323 54 632 645 4.788999999999999
581 101 170 1113 1140 10.23
582 1324 54 902 915 6.474
583 163 170 1128 1170 15.537
584 115 247 1083 1103 10.104
585 135 1323 738 752 6.686999999999999
586 135 54 1158 1185 10.838000000000003
587 154 170 468 522 20.205
588 160 1501 528 558 12.364
589 294 54 1125 1155 12.548000000000002
590 118 237 708 727 9.107
591 135 170 1038 1095 23.674000000000003
592 1324 54 542 555 6.474
593 1324 54 1022 1035 6.474
594 113 54 453 495 17.266000000000002
595 145 165 948 973 9.732999999999999
596 1501 54 498 525 9.688000000000002
597 1324 54 662 675 6.474
598 108 54 618 675 33.936
599 154 1194 528 549 11.212000000000002
600 154 170 648 702 20.205
601 1502 170 1005 1035 15.543000000000003
602 617 54 551 585 13.447000000000003
603 160 1501 708 738 12.364
604 160 1324 1008 1022 4.6450000000000005
605 160 1324 768 782 4.6450000000000005
606 294 54 1125 1155 12.548000000000002
607 118 237 603 622 7.592999999999999
608 145 165 528 553 9.732999999999999
609 1501 54 858 885 9.688000000000002
610 135 1323 558 572 6.686999999999999
611 1338 54 1083 1125 15.699
612 1053 170 675 688 9.548999999999998
613 1501 54 498 525 9.688000000000002
614 294 54 1005 1035 12.548000000000002
615 103 170 708 735 12.399999999999997
616 108 54 558 615 33.936
617 247 170 683 705 9.804999999999998
618 160 1324 648 662 4.6450000000000005
619 617 54 1031 1065 13.447000000000003
620 135 1323 618 632 6.686999999999999
621 108 1320 1023 1035 10.362
622 135 170 1038 1095 23.674000000000003
623 237 54 622 645 8.253
624 115 1502 978 1005 15.025999999999998
625 160 54 1113 1140 11.549000000000001
626 160 1501 888 918 12.364
627 108 54 618 675 33.936
628 113 54 648 703 20.256
629 1338 54 783 825 15.699
630 160 54 1053 1080 11.549000000000001
631 108 1320 543 555 10.362
632 145 54 753 765 3.506
633 165 54 733 765 13.687999999999999
634 108 54 678 735 33.936
635 135 54 1098 1125 10.838000000000003
636 237 54 1042 1065 8.253
637 135 54 1038 1065 10.838000000000003
638 145 165 1008 1033 9.732999999999999
639 154 1194 888 909 11.212000000000002
640 237 54 622 645 8.253
641 1053 170 855 868 9.548999999999998
642 122 170 888 930 17.326999999999995
643 103 170 588 615 12.399999999999997
644 135 1323 918 932 6.686999999999999
645 135 54 498 525 10.838000000000003
646 118 237 1083 1102 7.592999999999999
647 135 54 678 705 10.838000000000003
648 118 237 1008 1027 9.107
649 1323 54 932 945 4.788999999999999
650 108 1320 783 795 10.362
651 115 247 603 623 10.104
652 163 294 678 705 13.54
653 145 165 648 673 9.732999999999999
654 154 1194 768 789 11.212000000000002
655 101 170 573 600 10.23
656 115 247 903 923 10.104
657 118 237 1128 1147 9.107
658 103 170 648 675 12.399999999999997
659 101 170 813 840 10.23
660 154 1194 1068 1089 11.212000000000002
661 163 170 408 450 15.537
662 115 1502 858 885 15.025999999999998
663 113 54 873 915 17.266000000000002
664 163 565 798 825 12.401
665 163 170 648 690 15.537
666 122 617 948 971 10.428
667 565 54 825 855 12.742999999999999
668 237 54 1042 1065 8.253
669 237 54 682 705 8.253
670 118 237 828 847 9.107
671 122 170 648 690 17.326999999999995
672 1324 54 842 855 6.474
673 163 565 1038 1065 12.401
674 1501 54 918 945 9.688000000000002
675 565 54 885 915 12.742999999999999
676 163 170 768 810 15.537
677 154 1194 768 789 11.212000000000002
678 135 54 1038 1065 10.838000000000003
679 135 170 1098 1155 23.674000000000003
680 135 170 978 1035 23.674000000000003
681 163 170 588 630 15.537
682 163 170 768 810 15.537
683 135 1323 678 692 6.686999999999999
684 154 1194 1128 1149 11.212000000000002
685 145 54 693 705 3.506
686 145 54 1053 1065 3.506
687 237 54 607 630 14.136999999999997
688 1502 170 885 915 15.543000000000003
689 247 170 623 645 9.804999999999998
690 160 54 1173 1200 11.549000000000001
691 145 165 708 733 9.732999999999999
692 135 1323 798 812 6.686999999999999
693 118 237 888 907 9.107
694 1324 54 962 975 6.474
695 160 1324 588 602 4.6450000000000005
696 118 237 1143 1162 7.592999999999999
697 565 54 1125 1155 12.742999999999999
698 160 1324 888 902 4.6450000000000005
699 163 565 858 885 12.401
700 135 54 1098 1125 10.838000000000003
701 113 54 408 463 20.256
702 118 237 768 787 9.107
703 101 170 873 900 10.23
704 1323 54 872 885 4.788999999999999
705 1194 54 609 630 9.052000000000001
706 108 54 1098 1155 33.936
707 115 247 663 683 10.104
708 108 54 798 855 33.936
709 1502 170 825 855 15.543000000000003
710 103 170 948 975 12.399999999999997
711 617 54 911 945 13.447000000000003
712 294 54 945 975 12.548000000000002
713 294 54 825 855 12.548000000000002
714 163 170 618 660 15.537
715 115 247 1083 1103 10.104
716 294 54 705 735 12.548000000000002
717 160 1324 708 722 4.6450000000000005
718 113 54 768 823 20.256
719 122 617 708 731 10.428
720 103 170 888 915 12.399999999999997
721 118 237 843 862 7.592999999999999
722 1323 54 1052 1065 4.788999999999999
723 108 1320 963 975 10.362
724 115 1502 558 585 15.025999999999998
725 294 54 1065 1095 12.548000000000002
726 122 617 1128 1151 10.428
727 617 54 851 885 13.447000000000003
728 1338 54 633 675 15.699
729 163 170 498 540 15.537
730 160 1324 1128 1142 4.6450000000000005
731 565 54 825 855 12.742999999999999
732 163 294 498 525 13.54
733 1338 54 603 645 15.699
734 163 565 798 825 12.401
735 145 165 828 853 9.732999999999999
736 135 54 438 465 10.838000000000003
737 118 237 1143 1162 7.592999999999999
738 108 1320 723 735 10.362
739 1338 54 453 495 15.699
740 1338 54 933 975 15.699
741 145 165 588 613 9.732999999999999
742 565 54 1005 1035 12.742999999999999
743 163 294 558 585 13.54
744 1338 54 423 465 15.699
745 165 54 733 765 13.687999999999999
746 122 170 948 990 17.326999999999995
747 1194 54 849 870 9.052000000000001
748 237 54 1102 1125 8.253
749 1053 170 1035 1048 9.548999999999998
750 1323 54 752 765 4.788999999999999
751 1338 54 963 1005 15.699
752 1194 54 549 570 9.052000000000001
753 237 54 667 690 14.136999999999997
754 163 170 1038 1080 15.537
755 160 1324 588 602 4.6450000000000005
756 1323 54 1112 1125 4.788999999999999
757 1501 54 678 705 9.688000000000002
758 103 170 1098 1140 20.916000000000007
759 1338 54 843 885 15.699
760 135 170 978 1035 23.674000000000003
761 122 170 828 870 17.326999999999995
762 108 1320 1023 1035 10.362
763 160 54 933 960 11.549000000000001
764 108 54 498 555 33.936
765 1338 54 633 675 15.699
766 103 170 528 555 12.399999999999997
767 163 170 738 780 15.537
768 565 54 885 915 12.742999999999999
769 108 1320 843 855 10.362
770 163 294 1158 1185 13.54
771 1324 54 1082 1095 6.474
772 247 170 743 765 9.804999999999998
773 154 1194 708 729 11.212000000000002
774 163 170 918 960 15.537
775 163 170 528 570 15.537
776 135 1323 1098 1112 6.686999999999999
777 160 54 1173 1200 11.549000000000001
778 118 237 783 802 7.592999999999999
779 103 170 648 675 12.399999999999997
780 160 54 873 900 11.549000000000001
781 103 170 738 780 20.916000000000007
782 135 1323 618 632 6.686999999999999
783 145 165 588 613 9.732999999999999
784 1323 54 632 645 4.788999999999999
785 1338 54 933 975 15.699
786 237 54 967 990 14.136999999999997
787 154 1194 948 969 11.212000000000002
788 118 237 723 742 7.592999999999999
789 163 565 498 525 12.401
790 1338 54 513 555 15.699
791 108 54 558 615 33.936
792 617 54 671 705 13.447000000000003
793 565 54 525 555 12.742999999999999
794 163 294 558 585 13.54
795 163 294 1038 1065 13.54
796 103 170 498 540 20.916000000000007
797 163 170 648 690 15.537
798 135 170 918 975 23.674000000000003
799 1323 54 932 945 4.788999999999999
800 163 294 618 645 13.54
801 1502 170 1125 1155 15.543000000000003
802 294 54 585 615 12.548000000000002
803 115 1502 678 705 15.025999999999998
804 101 170 933 960 10.23
805 1323 54 572 585 4.788999999999999
806 145 54 933 945 3.506
807 160 1501 1008 1038 12.364
808 113 54 588 643 20.256
809 103 170 678 720 20.916000000000007
810 163 294 1158 1185 13.54
811 122 617 888 911 10.428
812 154 1194 588 609 11.212000000000002
813 118 237 1128 1147 9.107
814 1324 54 602 615 6.474
815 565 54 765 795 12.742999999999999
816 103 170 1068 1095 12.399999999999997
817 1338 54 873 915 15.699
818 163 565 618 645 12.401
819 1053 170 975 988 9.548999999999998
820 165 54 853 885 13.687999999999999
821 1194 54 1149 1170 9.052000000000001
822 118 237 588 607 9.107
823 1338 54 963 1005 15.699
824 118 237 903 922 7.592999999999999
825 163 565 558 585 12.401
826 294 54 885 915 12.548000000000002
827 118 237 1023 1042 7.592999999999999
828 163 565 978 1005 12.401
829 135 170 738 795 23.674000000000003
830 165 54 553 585 13.687999999999999
831 565 54 645 675 12.742999999999999
832 163 294 498 525 13.54
833 115 247 723 743 10.104
834 1194 54 789 810 9.052000000000001
835 1502 170 645 675 15.543000000000003
836 145 54 753 765 3.506
837 135 54 1158 1185 10.838000000000003
838 103 170 1008 1035 12.399999999999997
839 247 170 683 705 9.804999999999998
840 160 1501 528 558 12.364
841 160 1324 948 962 4.6450000000000005
842 108 1320 903 915 10.362
843 163 170 528 570 15.537
844 237 54 802 825 8.253
845 565 54 1005 1035 12.742999999999999
846 145 54 573 585 3.506
847 135 170 858 915 23.674000000000003
848 165 54 913 945 13.687999999999999
849 160 1501 1128 1158 12.364
850 237 54 742 765 8.253
851 165 54 973 1005 13.687999999999999
852 1338 54 843 885 15.699
853 163 170 828 870 15.537
854 247 170 1163 1185 9.804999999999998
855 165 54 1093 1125 13.687999999999999
856 115 1502 858 885 15.025999999999998
857 145 165 828 853 9.732999999999999
858 1338 54 573 615 15.699